1545
3990
1236
9927
5456
7894
3383
8831
5717
1986
403
7483
8842
4414
8250
1281
3932
8890
5475
4569
9734
9979
1131
2611
7906
392
5934
4173
8219
8595
5435
3794
546
2590
2086
2446
2454
7368
2129
4785
7838
9055
6643
4128
1231
6469
3585
5248
8784
6440
6791
6584
1465
1711
2939
1640
9146
7375
1005
3450
4339
2093
4702
5977
1913
93
6427
50
3567
7714
1579
4506
3462
7123
6077
8594
655
4087
7287
4112
9270
4770
7256
9611
9100
4364
1686
6579
5657
4810
5994
9073
1270
8716
6841
9669
2543
9424
5676
6513
5700
1777
265
7432
4600
8822
8435
2235
1128
964
32
3619
5100
827
4526
7360
5606
3505
7453
1757
9409
6172
2321
13
799
2352
9221
2274
8785
8173
5225
3684
7788
1129
3934
9101
3521
8790
2816
9670
635
7201
3639
3342
4657
3483
2427
788
4515
2213
2411
7711
3130
6284
1220
3578
1580
8564
3046
7588
8096
6572
9837
9958
9607
2707
8515
5064
5388
7846
9375
1784
795
2288
9545
8945
8422
4848
2077
7289
3559
8079
1290
4099
5526
6095
5327
9502
3965
1812
9882
7009
8110
2448
3575
1660
9259
2268
3894
2397
2607
3446
2732
6510
5964
1159
920
3001
1095
2563
4719
6059
995
4959
513
8069
6327
1308
2826
2754
4613
6186
1432
9318
5041
928
6024
25
1296
1139
3039
745
4247
3514
765
8467
2945
5159
1630
8052
5310
588
7257
8587
966
1981
3802
2898
6005
5079
5777
4937
9974
7656
1454
6863
7462
7425
7305
7353
4973
5614
6166
6355
1122
375
9899
1857
3646
6276
8580
3199
9466
6836
390
278
8966
7438
5854
2957
7479
6084
2530
6678
9256
4413
1051
1317
9021
2934
4643
7888
5611
8753
4040
3616
1409
7973
8982
9408
6177
8248
8040
9498
8109
7478
7313
9194
2652
9041
3044
1960
6769
4394
2559
5073
3729
7521
6710
3490
6965
3091
2331
8748
6130
6265
3810
3345
8533
520
3637
6105
1806
3263
60
8563
4844
2601
543
9363
1450
818
9142
4024
8512
8570
1876
8797
1283
6021
3018
6536
96
3140
575
3439
5632
238
8810
7087
3496
1598
8362
3845
2610
7402
9116
7543
3663
4159
8608
261
7302
3138
2613
1244
7721
9852
3573
6361
5596
1358
1843
693
9327
4636
1179
3666
5473
1959
9353
3061
1831
4651
8302
1417
5187
1188
8694
53
6057
6067
5878
6766
7611
3589
7283
245
9393
879
338
473
924
353
5949
5291
2752
777
5565
8335
9494
658
4431
1614
1712
877
2857
3176
5497
5847
7184
6759
9206
4688
4787
9418
262
4978
3820
2498
6930
3429
9197
9898
5080
8524
9708
7446
8759
7374
629
1173
4619
3164
866
438
4211
4415
8487
5025
1383
1625
9733
6009
1575
5176
4980
7950
6955
691
8490
4314
3595
9035
5336
2337
285
8201
3371
7006
8406
2490
1990
9496
8894
5038
8369
149
38
2602
8426
5060
6578
5644
3683
4653
5472
3224
8413
3816
